111
7148
4857
6330
6790
5239
81610
286133
146894
983
158326
4222
25891
2532
55143
699
221476
898
5138
55635
84733
5348
4881
6358
8436
22974
80332
9212
4629
55388
991
554
1164
29089
890
63924
728264
4147
1063
10351
26353
9928
25802
92293
3991
3489
153579
4237
170689
400258
3953
4751
157313
2305
9837
23397
1300
11004
83540
1511
126393
55355
2662
10403
23492
1062
55165
6329
24137
9452
168667
891
8404
374864
259266
256691
5347
151648
9134
9796
5649
8639
9133
10350
899
10894
11065
128239
10635
2719
8140
6491
10974
4605
30819
9493
4692
220134
729359
2273
56920
2277
10249
152831
653820
11131
338872
54443
7272
113130
23158
4223
3833
22915
3679
79987
146909
8406
286753
56992
27127
7102
64151
9833
990
51232
9055
221091
147463
9156
1036
11185
9319
5959
8425
55789
27129
55247
80129
83461
7153
2159
6999
150468
375033
2175
3832
762
3667
55872
90381
113115
64072
5745
10129
10615
81930
10024
2491
57678
115330
3952
79733
55839
57863
5187
2146
9824
701
54988
119385
85329
80760
57116
641654
51203
25879
23594
9232
332
27338
8622
10840
116835
5166
140738
221150
1058
55526
1789
7145
29127
10349
1675
10742
948
3838
4311
9590
185
10112
216
22885
253738
58494
7450
130733
80031
4320
83992
1149
32
285386
6241
55351
641
993
26112
144568
4288
1033
3925
7516
10721
4085
57650
730
845
2350
57030
10411
5168
6252
2354
11130
51514
7123
9787
1301
222698
4312
5346
166336
8736
55215
4081
1763
79812
4001
7869
51085
9718
1894
1776
10051
4826
29028
85458
1580
114800
9068
2167
2819
728833
2706
245973
57405
4173
2152
5648
84913
5837
6387
9314
112817
10926
55771
8836
57088
79901
287
116028
89927
256949
25960
91584
4239
30835
1871
2353
25788
8317
3149
2019
23371
79682
145781
1548
11339
83903
51512
219348
151246
171024
2099
220042
84296
6627
1363
1843
79875
54821
116535
6732
130399
9700
7512
91851
1264
10580
8908
57658
2852
91687
117248
10391
144455
90417
79801
64651
79974
79686
8854
3161
5627
254263
316
8438
3159
55723
23460
10460
124936
130271
7804
79723
79927
225
374393
55010
6713
51182
50486
10733
50937
9768
1503
117581
4860
30846
53405
7048
10365
58527
729533
5105
947
284403
84904
857
2920
80704
2878
57502
440
5984
55159
79742
63967
10252
7298
51155
80310
6289
57214
54478
1869
55638
23596
29968
152503
338328
11113
3015
285313
1805
2078
55732
80726
83699
3373
7371
2145
7140
29128
84722
22899
364
9457
8611
54102
10212
11122
51256
1111
6288
29980
64115
113791
55765
995
9654
10512
4128
83879
7538
3479
3336
2791
1308
210
284119
5733
8318
387103
157570
152273
128553
2157
7373
286827
4915
51001
1840
11013
83700
86
84790
132720
5799
124222
219654
146556
9365
84057
55656
9079
125
11096
154
9603
57082
220965
3725
5243
4035
114905
30061
5111
1879
54674
196883
9201
5241
339524
222166
2934
7010
80346
56893
79075
3624
85027
1163
7083
29088
29899
4998
23531
35
25890
100129583
6586
81928
94121
56849
114789
155038
3708
83990
10797
64805
283248
8322
3625
3070
6403
90507
57707
6328
10186
6567
10752
10628
2949
56100
6941
6812
79633
401399
6327
9510
5888
547
26586
79000
9401
9370
1471
2681
80243
51705
11169
55384
5013
3913
1346
79870
116461
8313
5153
219790
55679
10003
1066
56943
56246
57685
23551
4603
3290
2857
54908
114787
5787
91461
1901
348654
25959
119587
100130733
6453
81624
56109
196051
9754
4839
79148
256302
375057
222663
57716
8872
57569
10195
7402
2674
83692
51377
83695
9088
9671
7035
84955
79005
9478
11164
5730
133584
5140
57562
2331
9194
11248
3038
150
1889
4638
55636
8475
54892
257000
10262
23331
79026
847
11022
80308
220296
6632
3068
92312
84173
5329
1870
50943
163175
26973
5150
8434
83878
667
113802
26577
375719
6886
5939
54331
6664
55974
25927
8833
100128191
9638
11343
30815
3908
358
8270
389432
9918
10144
474344
8703
9737
219623
23590
467
8671
445815
55800
25976
10087
1842
10268
167465
57510
7079
1104
57134
5764
27000
55157
57659
9933
4283
374897
395
25992
6913
596
9141
54538
10990
9942
6517
2260
7056
2690
27101
5427
145581
4023
286097
140862
261729
7757
11346
51236
4171
1958
8646
7025
80178
283383
57110
9735
6637
89795
6038
7832
5919
6581
2906
863
81611
388931
23560
126567
8767
11335
3768
10398
90102
388
5021
93081
3487
27086
8536
8987
5692
2237
8208
1717
26576
54733
259217
22929
28998
48
56099
6282
2318
1736
57645
2217
27244
4830
353500
80731
26249
23768
10712
25841
5202
5982
79007
8645
54997
56107
5209
57124
55701
55038
3176
8864
6631
1634
55110
23582
23452
5360
388662
23177
6563
55726
3491
27085
65005
57104
6324
56111
3572
338
2308
81620
1029
2327
10395
56942
115362
2494
10381
994
79677
6373
1515
8555
10440
54893
3148
6711
9898
7203
5311
127435
160622
23657
1288
79581
92126
4796
3627
85453
115207
11145
375449
5071
687
25896
161176
55257
79017
323
3619
63976
2617
92162
10535
51602
653519
8099
83660
26271
54517
23761
3229
7008
64105
8728
5175
55003
151887
599
1589
56967
80177
1902
10940
10858
2177
51083
8614
2946
201633
6944
2246
118429
23194
85358
196740
129642
253827
5101
388753
2786
340526
79891
9582
79980
1875
858
63979
3251
154467
6635
11259
85439
51659
3043
771
26472
285367
509
128240
956
79915
55353
36
26153
8630
25886
79172
4053
4916
201229
117247
276
140707
7027
7112
57007
85444
5877
147495
51421
342897
10808
131870
3234
1944
23234
27344
4360
541468
29931
5136
3014
6844
10004
23268
79777
146956
6921
1268
116832
84570
221914
10316
90627
5831
3066
3131
1793
8613
3595
9585
157
81575
57673
5176
196047
57129
84842
5549
55901
408
64641
55273
219844
92703
6366
84262
9254
28982
3909
666
285195
4322
5558
6611
9557
283298
376497
6538
286826
8654
131076
84900
492311
84795
90865
170371
6560
139285
10435
23235
2034
57576
11188
51072
93594
23187
23225
55776
23500
117245
55630
8624
54873
81929
28514
4175
51673
7980
25854
81035
55055
51776
285973
3418
11213
9353
55248
1160
4088
3755
412
83596
6715
56105
54619
116238
80020
2296
25902
4969
116372
23024
83732
10103
3040
84561
80179
79846
375775
6636
7336
27074
1824
154661
1434
5327
23381
4327
9791
1122
85236
56603
338442
349136
6622
5885
6905
80022
192111
51299
51765
11217
57477
140699
6785
10555
3608
5902
50848
1071
29091
55924
57089
170575
5426
2869
90990
84908
165055
54442
55022
55544
221395
1910
201134
633
3775
3235
79094
9688
27115
10189
5207
705
84935
8458
2908
27198
9715
4200
26233
114928
11177
57689
89958
84159
4436
10060
64321
4242
4291
9047
908
5686
607
7106
158471
477
7075
1796
8522
51474
2192
11167
23328
388284
55969
27314
10452
9911
79897
2632
10606
50615
9129
23302
129804
79659
200162
23037
10204
10228
10471
55083
11165
200424
10799
8883
5983
57611
5433
54058
8076
9650
5546
131873
78998
114818
9238
4800
5923
11076
54069
23090
51449
55920
22944
83886
11247
7710
64283
2247
3955
84321
55759
55076
5279
196527
3835
6882
26220
3607
23198
552900
94
401265
65018
5690
333
2597
56169
6291
56897
10389
54843
2313
5010
5437
5157
81875
113452
195828
7534
80017
79866
3764
64928
64421
4882
388650
115908
4176
286527
875
10165
4130
10993
10430
10826
9936
7068
1788
5531
51267
4973
10551
64123
9887
28984
2040
26986
83637
4299
55340
51226
23480
10491
7049
5156
10962
200185
135295
3475
7466
1945
84283
134265
4487
100190938
5217
7122
375035
42084
55299
27286
686
473
85007
7979
1602
286367
10765
84661
388815
11067
4116
10873
27301
10293
10092
8394
9839
8577
51726
54518
25875
4172
83714
100188893
5307
27102
23344
57526
4660
51380
2583
23166
161198
338785
55585
6996
389072
51022
9459
53373
283431
284297
865
1378
8482
26234
3270
58497
203068
4855
1954
4162
9891
10213
149175
2630
51442
144097
3791
1003
389136
3547
1138
5199
131578
57381
10216
83478
1389
168537
8840
51200
5320
23165
11222
79019
5901
7170
317649
26051
7818
26018
3204
641700
54906
2252
163786
10650
51629
8839
57335
79605
157378
2066
23143
29995
27161
4166
51513
55971
202018
339005
79772
79751
8660
6742
1314
84318
347240
55907
2676
727896
257364
167691
10067
79084
10157
1124
10465
51655
84933
56548
23741
2628
4306
117178
27005
23185
321
340273
1524
81706
6196
51313
5165
55806
112
7431
374
7913
7678
3712
2861
81578
3984
116159
10436
10557
57452
79650
4121
388228
155465
9949
10899
51700
4641
23246
84926
4651
84930
56704
114780
11082
9869
388335
9712
56108
3329
5471
4521
2058
55851
7355
140706
91624
1601
3339
10549
79651
894
5744
120103
4286
23051
139818
203328
255394
83989
27175
389668
5836
63923
11326
2619
10234
7078
79776
29929
127602
221656
1299
220323
9984
3310
4213
25966
23180
482
4163
3726
3868
27239
134466
10963
8370
54845
6472
9816
6541
84263
65109
25945
22889
89932
2018
401466
1955
54884
10965
39
64221
1678
7873
55506
58478
80854
4131
9647
27346
126669
7004
57580
11200
90203
1759
56301
57180
57819
57515
261726
54919
116362
8914
116236
9704
23310
10245
7167
84823
51473
6894
7398
10431
1907
29911
9867
5468
4893
57101
55144
55714
439921
55705
29775
200186
6746
7084
6513
10161
9811
5373
56882
84451
22948
50515
3736
51029
64397
1674
55131
221303
862
5740
8079
4212
79954
79960
55026
440253
91663
353497
6646
7099
59345
4137
157506
343099
6935
118
9315
220001
51170
414149
23345
55020
1663
2670
84327
27122
8676
9223
10979
23414
54913
84883
10178
2787
5179
23102
55176
92304
51012
7419
653598
10342
51166
59353
1786
1474
79968
26071
57496
85465
2629
11155
7301
140700
641371
79573
1311
5587
55609
56978
84302
126731
10456
5125
50651
9812
112495
80723
10156
27147
51161
10682
84981
10130
83643
1802
54532
377007
4580
83464
8815
57731
3590
8447
146206
6629
23212
64753
25943
23710
51804
1112
5613
10357
55335
10170
7291
221710
389538
176
10248
9429
119032
322
4907
22925
5052
5832
84515
2737
54510
79135
142
51506
2012
92999
169611
57622
3977
79228
79442
51599
64943
1408
404201
51491
7468
1978
1493
9378
79847
79919
84034
9939
7277
51107
55326
7159
9507
10921
3082
64793
54205
728554
9120
1174
51373
153241
10360
51406
2956
11146
26094
25907
5376
1959
9866
259307
1073
64839
84946
23731
64901
56124
399959
81831
123879
53947
28977
5591
55342
90427
117143
3613
10987
8480
93183
253714
168002
65249
6777
8777
6001
60386
3426
5141
90780
9021
55432
7041
9829
5603
54749
27306
718
28999
400410
9191
51752
10655
30008
161142
4033
8510
55127
10734
647087
84991
80128
347902
10462
430
23339
23336
29993
6628
115703
552
1984
4337
18
5440
3182
5797
222183
1306
8877
6890
1102
137075
57556
11000
54460
23642
152078
6873
3202
1181
23636
2882
2162
54933
51430
55749
54437
4077
3693
55056
81931
624
3316
64332
3898
8556
23623
27145
84957
746
132299
84798
9296
6809
5860
2245
54662
761
84128
9464
4739
375061
788
2899
84300
129790
9889
55885
10537
7718
19
284018
343637
9793
9547
51114
56265
6993
51478
63922
6925
100130932
10371
578
7852
51092
54962
55835
29100
20
79042
4678
80321
4621
9454
3902
7067
63943
83858
54503
23658
5194
51290
1460
55024
2995
201254
84259
389125
113000
5826
6444
57608
50512
7507
51692
115727
81034
23649
128869
590
1153
675
257194
6574
6634
6493
223117
120892
80209
1942
122953
25806
378884
25804
4150
79902
80820
114049
91614
10647
440081
5634
8607
58190
1193
7443
55922
8835
7525
11077
25900
63875
7704
23144
131544
23204
3672
253512
200933
57507
9415
11235
286053
5174
5270
64114
51639
57822
55833
284069
1185
9601
5439
23215
55711
66000
8407
22918
79833
23450
79814
60401
84365
28969
23507
6199
130367
2976
201725
8528
51388
55742
79685
84320
7965
2525
7060
201294
126668
340348
9341
56101
64326
7286
80727
5924
79947
3320
64127
10623
54509
642475
2059
26027
2947
23029
2079
8819
79827
493
115111
11341
2762
90952
4054
25791
84287
81788
79856
65243
10659
1381
284338
51118
64222
56113
22809
2324
10096
57549
3892
64084
22949
9902
6237
219749
5424
11332
23076
57514
4215
3512
6236
57464
3720
285613
92609
2633
100129792
50940
3090
3340
91283
79785
100191040
64118
388152
1101
6599
5216
6817
375444
4921
79443
8365
9498
10800
6182
84295
84134
4359
728932
3075
10099
2224
112770
83850
6421
55627
811
51645
5685
54858
5050
11099
25999
150223
56971
115677
113612
285282
5999
83857
375
27303
8829
5793
2707
5159
5717
37
2189
5478
2778
339456
80736
80774
80010
10675
373
91754
254778
83451
56204
5463
23251
92421
2888
6242
84817
128061
65094
143244
10199
283131
368
494143
81603
56853
5771
8578
10775
10714
11243
1159
57758
4931
710
137872
80324
25924
219988
79068
11116
6279
835
9221
81607
57683
83888
115106
10036
580
9037
59277
9135
3232
127002
23338
3910
309
56999
23387
22943
57538
7802
1831
339983
5817
1690
5284
6507
27299
10272
23743
6565
221079
6659
9675
2665
132160
2892
84191
381
4303
55027
23026
5423
84501
810
79152
54108
42125
29889
9397
6929
1645
7728
2000
283174
1716
56479
23111
58475
5214
22906
7003
1657
23057
103
652
64581
3980
253558
7094
131583
5723
7884
84627
283989
87178
1024
1478
10673
54941
340485
54810
9235
230
1827
728239
2114
54802
84002
661
2110
4856
340591
7023
51596
57604
196383
79624
90390
8662
6950
9551
224
114757
7504
84916
84836
51665
5654
284348
5688
51258
51605
1852
80775
8813
11266
1612
151507
57142
9123
8420
58477
11182
54499
23129
7172
148523
4072
56902
84172
120071
51192
3091
57561
836
79924
9501
8843
114908
3036
126382
81839
122773
283659
10335
2200
112703
79370
28956
8565
3301
134549
187
829
153090
660
10400
9818
6877
5350
56935
5098
8638
80155
1636
6183
100132707
8623
10785
51222
2002
115004
6949
55226
51123
9236
22880
10713
9533
8742
5091
5203
3757
51096
5691
96764
51497
1476
5933
831
4982
57572
84549
4704
54552
29097
3276
8326
253152
549
79101
221545
943
80139
27297
784
2977
9637
29904
3226
57111
8312
9048
4774
79758
151126
493856
23082
65108
1537
6897
6009
29074
90407
10694
65263
2615
10498
285671
128977
30812
27065
692224
9657
79652
1000
2894
654320
581
1117
160518
1326
5467
221584
3067
221960
9270
27166
55120
27287
88745
55970
23007
10969
84632
56954
10280
11073
84514
9778
5064
84154
56110
10380
10106
6714
3654
9937
1756
727
101
388962
301
9379
6923
1806
51533
389336
51633
6776
23543
9289
1519
2744
8884
9168
3087
5139
5704
147657
113878
113157
113174
51371
387763
10953
7705
8751
27112
55605
26150
5718
55706
60488
5911
27124
55571
6443
26019
9990
8659
57451
114548
387521
84319
144321
79894
7388
729288
159
79991
404217
597
51067
10528
55646
84285
3554
11156
5990
533
5351
900
4841
6709
3112
400506
292
6640
389337
56666
83608
55825
134548
64219
8459
55791
283078
136647
582
54915
4248
6832
64078
8799
191
55325
441168
10581
6839
63893
55303
85459
55156
200844
8568
84542
283554
1545
10736
375484
4059
5610
23034
1359
23479
55093
55871
1020
4440
54097
81572
9445
54881
200916
1012
6382
677850
54815
65260
29080
85449
52
92737
4715
3995
10603
10266
9826
401720
79031
54865
26289
112950
23213
153222
4326
222256
85021
1951
64146
55281
79762
23170
10598
84678
5127
4250
7092
902
54511
10319
3988
56121
441869
29969
441376
79622
2770
130574
55341
84899
58489
10525
55345
440590
5212
10444
85414
6642
5577
9025
1017
5805
6769
3914
10943
3675
58516
22808
5493
4211
7184
2817
132158
6035
51312
27132
83463
5985
84129
55287
55065
2180
30834
9669
9569
8543
326624
93099
23228
3800
5778
5042
51253
2697
2109
2651
23433
54433
4902
6414
11078
5496
79083
57657
3929
83604
130132
4837
2271
5522
57037
51338
54861
54512
23179
497258
2335
54888
51728
346689
6748
81602
6376
9555
140578
64946
781
114915
84698
57664
26040
5073
152137
137886
27436
286077
388403
6391
8880
23028
221981
118881
23160
84223
9751
51010
4794
8506
5710
6804
84074
81853
10459
441027
8863
23554
64097
9678
140823
126789
107
1622
3422
23555
10865
92270
5931
5683
7077
118932
29886
401505
7422
113730
2199
64951
340527
10569
23616
51444
84869
53354
10039
256435
720
29941
5326
28978
64216
4094
9521
51564
26468
3020
140876
23413
84306
1155
5684
25759
217
9828
55689
345778
388552
150726
5334
51649
54620
5791
10237
2022
23005
51668
26097
3150
80004
29777
80222
202052
727897
440503
79081
5947
54741
10553
6045
29960
10253
51571
90634
93589
4782
4321
5031
79791
92935
255231
9651
4595
8273
4720
10203
54344
148932
11270
51301
10160
3295
5274
7372
4221
57407
57545
219972
492303
6878
51400
147372
4174
274
55558
84326
5425
10418
494513
29901
3002
5366
10793
5754
11047
22934
23046
25797
25946
9934
11095
4628
5578
51608
29958
79888
10904
152195
23324
678
6426
63933
22836
81858
7855
79033
29883
8894
6749
91433
92344
64757
7163
375287
2300
283871
6446
11035
7444
4318
10544
1196
9775
8082
6184
51013
85460
219738
132320
149951
1489
9848
4201
6150
9586
51547
10059
7411
92340
130576
55775
51622
1438
26502
25800
23532
8926
78994
284837
558
57211
157769
79735
51025
64403
55034
9184
64785
64866
221908
260293
10591
122786
8745
22920
8490
7508
92002
5881
5955
114897
8784
9673
1184
79937
9978
134147
79169
1962
51084
6059
9563
8805
10813
401052
7407
10370
683
51651
5993
254295
6624
9179
9759
90527
84902
642846
57216
51647
10885
7841
84725
92154
10166
29078
256364
11161
55633
57019
79070
124045
1041
9053
56950
10285
125950
23223
388272
23189
148252
7625
51027
51523
641638
51248
129049
7423
51126
3932
644936
10951
8260
80325
11321
10056
51154
51002
2944
7263
57449
1616
64847
26509
54968
56474
124930
22927
64506
90288
9124
56997
9842
1019
2588
5435
29893
9440
59271
25909
10919
6451
3233
79587
7259
284390
6430
51129
29951
401093
222229
220992
5950
114569
51603
1038
9
6502
7374
379
7334
9710
130340
8725
139716
78990
9095
339327
91442
79614
79658
90522
483
79184
64225
65982
92342
55333
262
11273
219699
222584
5163
9855
6867
7295
116113
342035
54801
7786
25926
92610
51642
2643
7098
6696
93323
650368
6608
3751
158219
7283
64168
29107
64429
84674
7264
11260
65003
400043
145873
113235
6156
85028
10235
50489
5757
10939
79447
137682
56180
54901
1207
10869
388695
23682
148789
149986
90861
27257
83876
51279
122622
8924
2201
4849
1994
9100
2037
2288
6100
2743
91369
4129
10376
57187
51466
5208
4005
9477
4282
22823
8722
5499
57459
6302
22909
11080
9282
51690
1240
56833
6016
93164
3304
84680
9636
25973
828
81609
3692
5451
54838
84162
25833
89891
83544
25974
30844
84206
1368
54982
121227
10194
84948
148304
3978
3710
3958
1340
3037
3845
202333
56915
11124
55661
2196
10608
23054
6778
6490
284340
79140
23640
55695
7391
8463
6875
51324
3177
10810
134429
26167
25
3033
146760
90701
10322
51177
3185
8904
7430
143903
80326
127733
84918
79825
11237
10971
92949
8896
6626
441549
8850
57291
23401
9111
9924
2805
84131
113263
53335
55249
100133941
5653
8844
339230
84937
55536
112755
23788
25912
100126784
254228
58505
340061
27246
4008
8651
79805
57835
2621
54994
23077
6903
56938
6470
6940
3899
5557
26269
10048
80759
5721
54535
26151
3326
196294
8626
56123
28960
140838
42368
171423
9935
79590
79576
22990
7329
51091
5295
2549
84792
1857
3705
550
10622
5829
201292
27439
54492
79023
91057
26224
11014
84689
23279
201232
116071
151393
3028
79027
8045
55362
9658
715
5536
5422
23612
122769
51063
25888
64218
9352
22913
23423
57473
84079
114904
64131
54606
388692
339290
10507
79783
348094
23764
2968
2767
6910
1773
79047
126526
83468
10328
23645
390916
54555
196483
145864
3993
2833
5255
8337
51529
8412
10286
2687
9061
84814
26872
9631
3930
80345
51094
26047
3903
10669
169834
50814
81786
6772
51053
5507
57493
7514
51134
27351
3376
79022
8812
63895
3887
57149
78995
389677
56477
3569
118487
55502
23475
23466
10563
399726
27334
5783
6615
10413
8532
200765
28232
132671
8625
51251
192668
1975
25981
22998
92973
2176
3620
24145
26263
1662
4123
51294
58473
158376
6273
471
116138
1445
1747
3181
22978
158067
10128
57157
79667
5701
65244
255758
221496
7175
3236
84276
3563
6357
29970
79693
10856
26064
25842
10959
10618
221895
57600
55854
128308
2009
9789
55615
10907
57026
3145
441094
22827
1742
51451
51193
9767
80143
60561
4725
150381
23214
6788
2553
9125
1797
51686
10550
440145
54814
654790
55503
10849
3164
5729
3603
80014
23635
55829
26528
1828
139886
9641
78987
81608
51186
9338
9630
23097
10200
65010
79917
80700
130497
64858
2971
6876
253980
6834
11040
23322
2923
57380
5328
83987
1152
2029
26025
401152
9121
90850
4192
1643
201255
91947
6992
80174
9899
26608
460
57592
4791
57761
85377
311
117583
166614
3566
55795
11329
677
81031
51621
729967
148113
84894
8898
54539
50863
60
5600
79959
125113
285600
8726
54498
2161
148206
119
79703
6942
1829
55651
400027
84915
56888
90139
8029
3671
8507
11015
145508
29956
9360
2931
929
11311
55604
10492
55204
64094
6613
10190
376940
3297
55149
94103
5912
149837
26003
60672
64081
643387
7319
399474
23461
51021
3735
79675
11275
56647
64411
10181
253559
7248
4696
219854
1410
22984
11056
84265
84959
26090
57489
83483
284098
6307
9093
9656
9122
375513
90637
113220
140809
55612
79823
55824
55740
116447
2870
85012
57728
10950
9645
9980
116228
4122
84231
9946
8428
64388
1345
284358
54148
55173
81846
441631
64223
79971
400322
5737
58986
23
51239
115353
9110
5269
79957
285704
145773
127829
401115
3384
4681
51176
89846
29944
26999
221662
9377
2010
10625
23385
55323
8794
92140
8527
54816
64135
1727
399
283417
390
51691
399668
9677
8655
83640
7936
6185
254887
81558
51124
146057
200942
23301
10681
57616
3745
8541
4701
5164
6723
25904
63876
55905
9276
80758
2178
59
54847
6675
7482
4636
4869
10125
127845
79760
200634
8027
341
8816
4314
56984
5017
10469
4776
7957
6094
53829
23518
221935
9076
25941
11282
92659
4744
57122
51202
203859
1400
7164
80224
653566
10428
2710
5277
25885
1337
401331
79080
10539
650623
116150
1349
84832
54796
2618
11005
2773
55858
3481
23753
114826
9694
285761
10090
29923
51306
4038
10501
51026
79969
225689
7453
144699
10576
1072
54756
10954
51657
23089
29902
151354
7475
283212
79731
7030
91748
64174
6240
57106
10592
1896
6768
54840
22928
11279
57161
80728
4056
57165
541471
80221
51554
5905
79595
7293
7760
57198
26524
6598
152518
4343
25758
340554
25840
283948
124997
6645
7433
64431
9097
348262
9693
54931
10531
131450
1477
7494
7368
7416
51287
130888
51534
4706
5763
8398
1479
275
51121
54832
22898
10241
81570
51105
148170
54939
51504
8266
23308
1803
7133
8727
23288
79953
79644
5725
23403
285203
10231
54210
8678
1382
26031
4926
26227
55210
10815
55640
10915
1032
1938
337867
22861
55967
9687
6520
9188
7185
57655
81559
79989
116224
113026
115817
8187
6874
9535
23729
112574
4709
10875
147968
121053
11117
728643
23327
6427
154807
7071
113402
2739
9639
220388
56616
5896
50853
540
9909
5310
23216
204
871
9500
2889
7414
57002
56342
11037
8930
65265
57669
23513
27
51142
10072
9972
9467
3716
5716
25989
83892
79629
8372
10791
2752
2259
23595
244
10301
1893
51503
2736
9411
79656
80301
103910
23232
813
64969
5519
29967
10434
259282
124220
65999
199
200058
8451
4151
115286
84418
653857
10044
708
10318
64770
8446
7347
66008
23588
28974
4694
399694
16
7150
23306
23350
55930
5595
11274
64801
4697
51763
91120
284
1116
9746
80154
23293
94056
26061
57125
1947
57419
100129550
10542
79728
27440
8418
8508
64783
55344
11313
1028
112939
55389
4779
64960
85360
30001
79800
8798
23432
9572
2517
85462
79834
6891
4486
8634
100132417
84964
3092
6595
341640
54454
5393
23107
84844
84460
5479
79998
92667
5747
55700
4154
84186
23366
167153
80323
84897
644538
64063
79906
2776
401375
6854
124637
914
22901
8612
387104
4758
7726
53349
8925
10131
27097
92797
4439
10114
125228
55534
91408
51434
221302
1906
23625
84264
2539
3321
29894
9453
84620
23039
9643
201895
84866
9583
23030
60436
29964
64841
84524
91612
23126
80851
283507
348995
374875
2125
65078
7576
55314
8824
11016
84812
51426
3915
345757
196872
51310
80018
11211
1054
8672
90333
6917
81857
1436
4141
84940
11069
5926
29105
64789
6296
10426
1795
79050
3077
3146
3183
3820
339324
84179
8733
23354
57701
26191
10196
84417
54828
388135
64983
79077
4157
84726
92960
728936
4615
5584
59286
124245
5532
93474
6633
55243
7341
114876
27295
55840
9240
79365
26039
8061
100170841
81617
81488
10105
57017
3364
2205
2057
6256
26013
9536
57763
8761
2049
284695
2004
10287
64754
57130
83787
116841
4010
1316
79691
8633
83959
93185
51082
83940
8644
53616
121506
5134
148213
10732
221504
22919
10402
347733
30968
64782
64112
3897
57586
8128
79174
10668
5732
54947
8323
10893
64061
23178
5429
57188
4528
80833
83592
23408
55687
6251
9332
6424
80315
1175
128272
25853
5034
25790
11190
3983
51806
23258
27315
360
92305
55657
81545
3488
9412
9249
55847
1203
90378
84299
11052
285512
6712
27031
54936
51065
6840
5315
4208
10857
1305
100128731
7554
5709
119559
54922
10527
9670
78992
6119
57482
83985
83935
117177
3291
83932
81873
79892
163732
84747
3192
901
81615
57727
56993
25874
3017
11019
55738
84759
6285
971
137209
2188
9146
55166
79929
440567
2184
7754
29117
4802
65266
7037
10897
11170
79608
23042
11238
221527
10124
339105
64863
3222
60481
54935
55187
7697
6041
63910
6352
4057
9519
388730
84952
362
285440
90362
80762
84947
27304
116225
4093
7533
9398
90933
2735
154043
54854
54663
4204
10001
2521
10257
83590
23150
9890
10412
55379
5693
8704
8635
127544
6650
84787
55744
55802
79850
5498
84132
57688
9846
653145
9172
5395
126321
6623
339559
283643
163589
6002
5097
54957
8642
11338
158931
28991
5260
5058
921
137695
7752
64598
441666
955
5876
7691
84331
54622
89853
255877
84174
401397
388722
114799
51076
23231
89845
51020
79871
286075
57332
5987
4828
9126
9859
9410
1660
284346
64978
112597
387646
11041
284273
23476
3561
283596
10644
7345
115548
3858
22820
283
9895
54929
83658
8847
56952
91775
5810
441108
283237
4831
54507
26164
6799
2339
26499
55743
4686
80218
10955
10945
57646
9274
151556
57696
2746
2206
79035
8460
79977
64761
51593
2534
642587
118491
162681
8573
414328
10094
84059
57568
6398
1465
146691
64422
79008
7353
56103
5822
283951
57465
10970
5596
79577
6710
10382
5802
79041
374500
4682
401237
26065
51409
27247
5687
9351
8559
163115
6187
389362
26574
26000
92815
10217
2876
220213
91543
57402
10827
548596
90557
54360
57102
55203
6280
84000
79750
11262
11214
2209
22903
8516
5929
360023
5719
23264
631
26507
8803
26355
3730
5230
115708
9277
157983
255374
753
80169
7923
441191
9197
57647
54751
23031
84830
56034
84928
23421
644873
5261
7296
113201
84668
27173
83786
4904
83541
10818
8897
64065
387893
93624
2827
57644
55064
8851
166815
8985
26521
84905
5355
57834
56965
5365
8886
4811
142891
22862
2701
121642
79178
8161
7849
84705
6432
55084
124808
100130872
64426
100286844
5026
9516
4214
7743
79053
56134
3309
133746
7289
64710
10439
161823
9905
9620
4675
5621
4218
51337
55734
55577
79465
3609
10055
55681
286144
6051
988
10193
79763
56521
9857
221687
7174
11218
1318
10946
2036
10023
2332
6892
148137
114327
283337
375387
203054
352954
1069
54522
8935
65123
441204
4041
85378
1968
10263
348235
90459
7976
9922
23061
1650
3184
444
100129034
84310
55105
4052
64231
6455
171017
55239
51309
10656
5066
7360
28964
83440
54898
27106
27199
10973
80381
55813
4683
1047
26270
338773
55568
124801
51614
728568
2771
23125
91768
100129424
153478
63931
23173
2287
55957
3281
55653
6745
51390
3927
79071
6500
202020
56652
55737
2584
53346
10767
83547
8106
5322
5550
5682
6261
9556
144165
50509
84333
5537
729238
25855
57396
56913
4345
51071
1892
64949
8741
9813
8572
284618
656
64919
11043
55013
11187
6857
79649
4708
1734
56917
22982
945
928
143879
9749
246243
51087
64093
8228
839
55741
5438
10146
23417
10437
11201
55244
169714
6173
93145
84187
153769
84182
9183
1234
84950
84749
164832
3911
4013
23762
30845
143662
84140
892
9170
8706
339761
27253
60674
286343
7013
57670
1457
7916
7321
388677
23001
3268
55198
56127
140883
387921
51710
93436
252839
3992
54480
79625
23164
55660
203111
54681
205428
476
54830
23171
55915
201973
201266
29763
51643
29767
8204
3742
1848
64110
10198
516
26258
374986
3191
5446
11123
23673
9728
30836
2922
253461
3854
10401
56181
54986
79072
79956
80237
57212
4217
26292
10631
6881
3646
800
57001
255031
10276
57523
5434
5961
5728
8553
5921
2873
8089
6666
4066
9801
11104
4940
644591
55620
3157
9187
3065
150472
257
84253
3480
59272
81627
10620
7381
6286
7756
11097
348180
1953
221061
4061
199953
57486
22979
11309
6275
79088
55233
5698
92017
249
134266
6418
55669
150094
57348
78999
5528
197407
6583
10151
79896
285830
4515
79627
4068
26118
24140
6991
64834
220164
5298
3155
5708
55001
140766
977
81887
4071
2669
163033
27230
65993
347734
148203
8525
56104
79862
8673
805
9200
253635
29082
3840
9991
26154
79794
10468
440073
374650
6741
90268
3635
9023
8574
5118
143666
9468
130916
114804
3628
3357
4507
3560
84163
6916
5655
91137
79913
51100
90353
9538
6337
10120
5928
10038
6612
4685
80274
3292
221692
54991
9994
3669
64838
55268
140609
27043
7424
2098
4330
5104
27032
27042
997
54834
25816
79690
56852
4495
712
2241
9757
246175
8879
23704
1431
124989
22950
4046
3688
56945
55788
5713
80127
84197
5033
26136
7627
604
9870
64849
3921
9131
80146
6428
85463
84818
285676
790
51163
55632
2822
6948
9923
23643
3704
5238
254065
10406
3269
55622
55722
23136
115557
26354
2938
26205
10061
8535
57176
55322
7247
27430
55614
83443
51117
22870
7091
23250
112399
6271
55161
26135
3779
3454
2063
100131897
4143
254827
51634
170958
1195
7029
10333
201501
115
100
8562
2321
1956
11340
8882
6738
84793
9674
9425
60677
57406
51650
56256
96459
23389
9821
4133
4722
140893
28996
10745
4354
339344
57469
5862
147906
7039
54953
51582
339263
5930
5001
3201
6883
2275
5119
340156
1977
91404
55190
54972
10388
744
9373
2006
3485
162989
7033
79064
145553
51073
5820
349075
80005
158
10890
9258
148229
2731
284996
84221
644019
26002
171392
56940
22900
4953
267
22824
280636
26284
10589
23390
6227
84146
55063
3920
1388
79020
23139
166824
54808
84061
81689
9587
51678
8533
90624
55172
4677
8667
3659
80045
344595
5980
5167
23284
79671
56063
51537
23022
10238
388165
440689
25780
6674
9665
6614
339448
51300
51188
81844
91409
219927
25911
65979
60370
822
3054
6729
90736
53344
4935
51119
27071
6468
91319
85019
285527
55179
2702
80003
23406
64132
42150
7917
284361
10153
4729
283489
84971
653553
7767
8000
55107
133383
122525
745
283349
92856
2153
3621
9732
1347
26579
7019
162979
90673
80765
51260
51191
2568
2542
55039
2042
57699
51499
54567
283208
56133
23291
55812
54165
2281
81544
389741
79664
284440
145783
50619
9229
139065
92745
3673
51110
10005
389493
8648
79661
1317
3787
23464
79745
23080
29126
23210
7072
55260
84833
83549
4913
343990
6489
128153
11215
64979
6726
23380
55278
26058
5734
91574
1611
1633
80145
90025
339745
79709
60487
1366
196792
386724
23295
7871
221927
9975
55794
57463
10565
64083
4134
440026
64965
9961
4610
2203
645676
79697
91608
3614
51501
10846
637
79098
10956
57158
51734
1490
55559
84879
6297
8440
22821
23224
6609
91107
89944
10308
51768
64376
8636
51057
1236
57466
51069
1021
340706
56675
9938
5514
4637
23457
4750
5359
441518
27300
90853
51538
56006
113655
29841
25940
55450
5204
6170
9217
3162
140901
55171
23705
2091
79623
100272147
55655
55650
79586
55174
8405
537
10239
51411
23394
55631
22976
53905
23708
2582
1025
1201
6396
9722
2799
4712
84529
91300
23017
6487
80320
57826
9181
55890
10135
90379
81502
3797
54107
51016
54856
157869
2023
290
4833
25953
6731
10652
4139
3784
548644
80205
84766
83872
79144
9986
8417
115752
2053
414777
3665
54820
55902
8218
4012
56132
2334
5607
55805
90355
9907
163154
84696
25777
146223
6643
3151
60491
23091
11147
10361
9901
81556
1780
100113407
81557
55809
23471
375341
6201
26519
81571
642
3632
55154
157777
8243
6676
51762
81892
10772
133308
755
51531
10922
