111
7148
4857
6330
6790
5239
81610
286133
146894
983
158326
4222
25891
2532
55143
699
221476
898
5138
55635
84733
5348
4881
6358
8436
22974
80332
9212
4629
55388
991
554
1164
29089
890
63924
728264
4147
1063
10351
26353
9928
25802
92293
3991
3489
153579
4237
170689
400258
3953
4751
157313
2305
9837
23397
1300
11004
83540
1511
126393
55355
2662
10403
23492
1062
55165
6329
24137
9452
168667
891
8404
374864
259266
256691
5347
151648
9134
9796
5649
8639
9133
10350
899
10894
11065
128239
10635
2719
8140
6491
10974
4605
30819
9493
4692
220134
729359
2273
56920
2277
10249
152831
653820
11131
338872
54443
7272
113130
23158
4223
3833
22915
3679
79987
146909
8406
286753
56992
27127
7102
64151
9833
990
51232
9055
221091
147463
9156
1036
11185
9319
5959
8425
55789
27129
55247
80129
83461
7153
2159
6999
150468
375033
2175
3832
762
3667
55872
90381
113115
64072
5745
10129
10615
81930
10024
2491
57678
115330
3952
79733
55839
57863
5187
2146
9824
701
54988
119385
85329
80760
57116
641654
51203
25879
23594
9232
332
27338
8622
10840
116835
5166
140738
221150
1058
55526
1789
7145
29127
10349
1675
10742
948
3838
4311
9590
185
10112
216
22885
253738
58494
7450
130733
80031
4320
83992
1149
32
285386
6241
55351
641
993
26112
144568
4288
1033
3925
7516
10721
4085
57650
730
845
2350
57030
10411
5168
6252
2354
11130
51514
7123
9787
1301
222698
4312
5346
166336
8736
55215
4081
1763
79812
4001
7869
51085
9718
1894
1776
10051
4826
29028
85458
1580
114800
9068
2167
2819
728833
2706
245973
57405
4173
2152
5648
84913
5837
6387
9314
112817
10926
55771
8836
57088
79901
287
116028
89927
256949
25960
91584
4239
30835
1871
2353
25788
8317
3149
2019
23371
79682
145781
1548
11339
83903
51512
219348
151246
171024
2099
220042
84296
6627
1363
1843
79875
54821
116535
6732
130399
9700
7512
91851
1264
10580
8908
57658
2852
91687
117248
10391
144455
90417
79801
64651
79974
79686
8854
3161
5627
254263
316
8438
3159
55723
23460
10460
124936
130271
7804
79723
79927
225
374393
55010
6713
51182
50486
10733
50937
9768
1503
117581
4860
30846
53405
7048
10365
58527
729533
5105
947
284403
84904
857
2920
80704
2878
57502
440
5984
55159
79742
63967
10252
7298
51155
80310
6289
57214
54478
1869
55638
23596
29968
152503
338328
11113
3015
285313
1805
2078
55732
80726
83699
3373
7371
2145
7140
29128
84722
22899
364
9457
8611
54102
10212
11122
51256
1111
6288
29980
64115
113791
55765
995
9654
10512
4128
83879
7538
3479
3336
2791
1308
210
284119
5733
8318
387103
157570
152273
128553
2157
7373
286827
4915
51001
1840
11013
83700
86
84790
132720
5799
124222
219654
146556
9365
84057
55656
9079
125
11096
154
9603
57082
220965
3725
5243
4035
114905
30061
5111
1879
54674
196883
9201
5241
339524
222166
2934
7010
80346
56893
79075
3624
85027
1163
7083
29088
29899
4998
23531
35
25890
100129583
6586
81928
94121
56849
114789
155038
3708
83990
10797
64805
283248
8322
3625
3070
6403
90507
57707
6328
10186
6567
10752
10628
2949
56100
6941
6812
79633
401399
6327
9510
5888
547
26586
79000
9401
9370
1471
2681
80243
51705
11169
55384
5013
3913
1346
79870
116461
8313
5153
219790
55679
10003
1066
56943
56246
57685
23551
4603
3290
2857
54908
114787
5787
91461
1901
348654
25959
119587
100130733
6453
81624
56109
196051
9754
4839
79148
256302
375057
222663
57716
8872
57569
10195
7402
2674
83692
51377
83695
9088
9671
7035
84955
79005
9478
11164
5730
133584
5140
57562
2331
9194
11248
3038
150
1889
4638
55636
8475
54892
257000
10262
23331
79026
847
11022
80308
220296
6632
3068
92312
84173
5329
1870
50943
163175
26973
5150
8434
83878
667
113802
26577
375719
6886
5939
54331
6664
55974
25927
8833
100128191
9638
11343
30815
3908
358
8270
389432
9918
10144
474344
8703
9737
219623
23590
467
8671
445815
55800
25976
10087
1842
10268
167465
57510
7079
1104
57134
5764
27000
55157
57659
9933
4283
374897
395
25992
6913
596
9141
54538
10990
9942
6517
2260
7056
2690
27101
5427
145581
4023
286097
140862
261729
7757
11346
51236
4171
1958
8646
7025
80178
283383
57110
9735
6637
89795
6038
7832
5919
6581
2906
863
81611
388931
23560
126567
8767
11335
3768
10398
90102
388
5021
93081
3487
27086
8536
8987
5692
2237
8208
1717
26576
54733
259217
22929
28998
48
56099
6282
2318
1736
57645
2217
27244
4830
353500
80731
26249
23768
10712
25841
5202
5982
79007
8645
54997
56107
5209
57124
55701
55038
3176
8864
6631
1634
55110
23582
23452
5360
388662
23177
6563
55726
3491
27085
65005
57104
6324
56111
3572
338
2308
81620
1029
2327
10395
56942
115362
2494
10381
994
79677
6373
1515
8555
10440
54893
3148
6711
9898
7203
5311
127435
160622
23657
1288
79581
92126
4796
3627
85453
115207
11145
375449
5071
687
25896
161176
55257
79017
323
3619
63976
2617
92162
10535
51602
653519
8099
83660
26271
54517
23761
3229
7008
64105
8728
5175
55003
151887
599
1589
56967
80177
1902
10940
10858
2177
51083
8614
2946
201633
6944
2246
118429
23194
85358
196740
129642
253827
5101
388753
2786
340526
79891
9582
79980
1875
858
63979
3251
154467
6635
11259
85439
51659
3043
771
26472
285367
509
128240
956
79915
55353
36
26153
8630
25886
79172
4053
4916
201229
117247
276
140707
7027
7112
57007
85444
5877
147495
51421
342897
10808
131870
3234
1944
23234
27344
4360
541468
29931
5136
3014
6844
10004
23268
79777
146956
6921
1268
116832
84570
221914
10316
90627
5831
3066
3131
1793
8613
3595
9585
157
81575
57673
5176
196047
57129
84842
5549
55901
408
64641
55273
219844
92703
6366
84262
9254
28982
3909
666
285195
4322
5558
6611
9557
283298
376497
6538
286826
8654
131076
84900
492311
84795
90865
170371
6560
139285
10435
23235
2034
57576
11188
51072
93594
23187
23225
55776
23500
117245
55630
8624
54873
81929
28514
4175
51673
7980
25854
81035
55055
51776
285973
3418
11213
9353
55248
1160
4088
3755
412
83596
6715
56105
54619
116238
80020
2296
25902
4969
116372
23024
83732
10103
3040
84561
80179
79846
375775
6636
7336
27074
1824
154661
1434
5327
23381
4327
9791
1122
85236
56603
338442
349136
6622
5885
6905
80022
192111
51299
51765
11217
57477
140699
6785
10555
3608
5902
50848
1071
29091
55924
57089
170575
5426
2869
90990
84908
165055
54442
55022
55544
221395
1910
201134
633
3775
3235
79094
9688
27115
10189
5207
705
84935
8458
2908
27198
9715
4200
26233
114928
11177
57689
89958
84159
4436
10060
64321
4242
4291
9047
908
5686
607
7106
158471
477
7075
1796
8522
51474
2192
11167
23328
388284
55969
27314
10452
9911
79897
2632
10606
50615
9129
23302
129804
79659
200162
23037
10204
10228
10471
55083
11165
200424
10799
8883
5983
57611
5433
54058
8076
9650
5546
131873
78998
114818
9238
4800
5923
11076
54069
23090
51449
55920
22944
83886
11247
7710
64283
2247
3955
84321
55759
55076
5279
196527
3835
6882
26220
3607
23198
552900
94
401265
65018
5690
333
2597
56169
6291
56897
10389
54843
2313
5010
5437
5157
81875
113452
195828
7534
80017
79866
3764
64928
64421
4882
388650
115908
4176
286527
875
10165
4130
10993
10430
10826
9936
7068
1788
5531
51267
4973
10551
64123
9887
28984
2040
26986
83637
4299
55340
51226
23480
10491
7049
5156
10962
200185
135295
3475
7466
1945
84283
134265
4487
100190938
5217
7122
375035
42084
55299
27286
686
473
85007
7979
1602
286367
10765
84661
388815
11067
4116
10873
27301
10293
10092
8394
9839
8577
51726
54518
25875
4172
83714
100188893
5307
27102
23344
57526
4660
51380
2583
23166
161198
338785
55585
6996
389072
51022
9459
53373
283431
284297
865
1378
8482
26234
3270
58497
203068
4855
1954
4162
9891
10213
149175
2630
51442
144097
3791
1003
389136
3547
1138
5199
131578
57381
10216
83478
1389
168537
8840
51200
5320
23165
11222
79019
5901
7170
317649
26051
7818
26018
3204
641700
54906
2252
163786
10650
51629
8839
57335
79605
157378
2066
23143
29995
27161
4166
51513
55971
202018
339005
79772
79751
8660
6742
1314
84318
347240
55907
2676
727896
257364
167691
10067
79084
10157
1124
10465
51655
84933
56548
23741
2628
4306
117178
27005
23185
321
340273
1524
81706
6196
51313
5165
55806
112
7431
374
7913
7678
3712
2861
81578
3984
116159
10436
10557
57452
79650
4121
388228
155465
9949
10899
51700
4641
23246
84926
4651
84930
56704
114780
11082
9869
388335
9712
56108
3329
5471
4521
2058
55851
7355
140706
91624
1601
3339
10549
79651
894
5744
120103
4286
23051
139818
203328
255394
83989
27175
389668
5836
63923
11326
2619
10234
7078
79776
29929
127602
221656
1299
220323
9984
3310
4213
25966
23180
482
4163
3726
3868
27239
134466
10963
8370
54845
6472
9816
6541
84263
65109
25945
22889
89932
2018
401466
1955
54884
10965
39
64221
1678
7873
55506
58478
80854
4131
9647
27346
126669
7004
57580
11200
90203
1759
56301
57180
57819
57515
261726
54919
116362
8914
116236
9704
23310
10245
7167
84823
51473
6894
7398
10431
1907
29911
9867
5468
4893
57101
55144
55714
439921
55705
29775
200186
6746
7084
6513
10161
9811
5373
56882
84451
22948
50515
3736
51029
64397
1674
55131
221303
862
5740
8079
4212
79954
79960
55026
440253
91663
353497
6646
7099
59345
4137
157506
343099
6935
118
9315
220001
51170
414149
23345
55020
1663
2670
84327
27122
8676
9223
10979
23414
54913
84883
10178
2787
5179
23102
55176
92304
51012
7419
653598
10342
51166
59353
1786
1474
79968
26071
57496
85465
2629
11155
7301
140700
641371
79573
1311
5587
55609
56978
84302
126731
10456
5125
50651
9812
112495
80723
10156
27147
51161
10682
84981
10130
83643
1802
54532
377007
4580
83464
8815
57731
3590
8447
146206
6629
23212
64753
25943
23710
51804
1112
5613
10357
55335
10170
7291
221710
389538
176
10248
9429
119032
322
4907
22925
5052
5832
84515
2737
54510
79135
142
51506
2012
92999
169611
57622
3977
79228
79442
51599
64943
1408
404201
51491
7468
1978
1493
9378
79847
79919
84034
9939
7277
51107
55326
7159
9507
10921
3082
64793
54205
728554
9120
1174
51373
153241
10360
51406
2956
11146
26094
25907
5376
1959
9866
259307
1073
64839
84946
23731
64901
56124
399959
81831
123879
53947
28977
5591
55342
90427
117143
3613
10987
8480
93183
253714
168002
65249
6777
8777
6001
60386
3426
5141
90780
9021
55432
7041
9829
5603
54749
27306
718
28999
400410
9191
51752
10655
30008
161142
4033
8510
55127
10734
647087
84991
80128
347902
10462
430
23339
23336
29993
6628
115703
552
1984
4337
18
5440
3182
5797
222183
1306
8877
6890
1102
137075
57556
11000
54460
23642
152078
6873
3202
1181
23636
2882
2162
54933
51430
55749
54437
4077
3693
55056
81931
624
3316
64332
3898
8556
23623
27145
84957
746
132299
84798
9296
6809
5860
2245
54662
761
84128
9464
4739
375061
788
2899
84300
129790
9889
55885
10537
7718
19
284018
343637
9793
9547
51114
56265
6993
51478
63922
6925
100130932
10371
578
7852
51092
54962
55835
29100
20
79042
4678
80321
4621
9454
3902
7067
63943
83858
54503
23658
5194
51290
1460
55024
2995
201254
84259
389125
113000
5826
6444
57608
50512
7507
51692
115727
81034
23649
128869
590
1153
675
257194
6574
6634
6493
223117
120892
80209
1942
122953
25806
378884
25804
4150
79902
80820
114049
91614
10647
440081
5634
8607
58190
1193
7443
55922
8835
7525
11077
25900
63875
7704
23144
131544
23204
3672
253512
200933
57507
9415
11235
286053
5174
5270
64114
51639
57822
55833
284069
1185
9601
5439
23215
55711
66000
8407
22918
79833
23450
79814
60401
84365
28969
23507
6199
130367
2976
201725
8528
51388
55742
79685
84320
7965
2525
7060
201294
126668
340348
9341
56101
64326
7286
80727
5924
79947
3320
64127
10623
54509
642475
2059
26027
2947
23029
2079
8819
79827
493
115111
11341
2762
90952
4054
25791
84287
81788
79856
65243
10659
1381
284338
51118
64222
56113
22809
2324
10096
57549
3892
64084
22949
9902
6237
219749
5424
11332
23076
57514
4215
3512
6236
57464
3720
285613
92609
2633
100129792
50940
3090
3340
91283
79785
100191040
64118
388152
1101
6599
5216
6817
375444
4921
79443
8365
9498
10800
6182
84295
84134
4359
728932
3075
10099
2224
112770
83850
6421
55627
811
51645
5685
54858
5050
11099
25999
150223
56971
115677
113612
285282
5999
83857
375
27303
8829
5793
2707
5159
5717
37
2189
5478
2778
339456
80736
80774
80010
10675
373
91754
254778
83451
56204
5463
23251
92421
2888
6242
84817
128061
65094
143244
10199
283131
368
494143
81603
56853
5771
8578
10775
10714
11243
1159
57758
4931
710
137872
80324
25924
219988
79068
11116
6279
835
9221
81607
57683
83888
115106
10036
580
9037
59277
9135
3232
127002
23338
3910
309
56999
23387
22943
57538
7802
1831
339983
5817
1690
5284
6507
27299
10272
23743
6565
221079
6659
9675
2665
132160
2892
84191
381
4303
55027
23026
5423
84501
810
79152
54108
42125
29889
9397
6929
1645
7728
2000
283174
1716
56479
23111
58475
5214
22906
7003
1657
23057
103
652
64581
3980
253558
7094
131583
5723
7884
84627
283989
87178
1024
1478
10673
54941
340485
54810
9235
230
1827
728239
2114
54802
84002
661
2110
4856
340591
7023
51596
57604
196383
79624
90390
8662
6950
9551
224
114757
7504
84916
84836
51665
5654
284348
5688
51258
51605
1852
80775
8813
11266
1612
151507
57142
9123
8420
58477
11182
54499
23129
7172
148523
4072
56902
84172
120071
51192
3091
57561
836
79924
9501
8843
114908
3036
126382
81839
122773
283659
10335
2200
112703
79370
28956
8565
3301
134549
187
829
153090
660
10400
9818
6877
5350
56935
5098
8638
80155
1636
6183
100132707
8623
10785
51222
2002
115004
6949
55226
51123
9236
22880
10713
9533
8742
5091
5203
3757
51096
5691
96764
51497
1476
5933
831
4982
57572
84549
4704
54552
29097
3276
8326
253152
549
79101
221545
943
80139
27297
784
2977
9637
29904
3226
57111
8312
9048
4774
79758
151126
493856
23082
65108
1537
6897
6009
29074
90407
10694
65263
2615
10498
285671
128977
30812
27065
692224
9657
79652
1000
2894
654320
581
1117
160518
1326
5467
221584
3067
221960
9270
27166
55120
27287
88745
55970
23007
10969
84632
56954
10280
11073
84514
9778
5064
84154
56110
10380
10106
6714
3654
9937
1756
727
101
388962
301
9379
6923
1806
51533
389336
51633
6776
23543
9289
1519
2744
8884
9168
3087
5139
5704
147657
113878
113157
113174
51371
387763
10953
7705
8751
27112
55605
26150
5718
55706
60488
5911
27124
