111
7148
4857
6330
6790
5239
81610
286133
146894
983
158326
4222
25891
2532
55143
699
221476
898
5138
55635
84733
5348
4881
6358
8436
22974
80332
9212
4629
55388
991
554
1164
29089
890
63924
728264
4147
1063
10351
26353
9928
25802
92293
3991
3489
153579
4237
170689
400258
3953
4751
157313
2305
9837
23397
1300
11004
83540
1511
126393
55355
2662
10403
23492
1062
55165
6329
24137
9452
168667
891
8404
374864
259266
256691
5347
151648
9134
9796
5649
8639
9133
10350
899
10894
11065
128239
10635
2719
8140
6491
10974
4605
30819
9493
4692
220134
729359
2273
56920
2277
10249
152831
653820
11131
338872
54443
7272
113130
23158
4223
3833
22915
3679
79987
146909
8406
286753
56992
27127
7102
64151
9833
990
51232
9055
221091
147463
9156
1036
11185
9319
5959
8425
55789
27129
55247
80129
83461
7153
2159
6999
150468
375033
2175
3832
762
3667
55872
90381
113115
64072
5745
10129
10615
81930
10024
2491
57678
115330
3952
79733
55839
57863
5187
2146
9824
701
54988
119385
85329
80760
57116
641654
51203
25879
23594
9232
332
27338
8622
10840
116835
5166
140738
221150
1058
55526
1789
7145
29127
10349
1675
10742
948
3838
4311
9590
185
10112
216
22885
253738
58494
7450
130733
80031
4320
83992
1149
32
285386
6241
55351
641
993
26112
144568
4288
1033
3925
7516
10721
4085
57650
730
845
2350
57030
10411
5168
6252
2354
11130
51514
7123
9787
1301
222698
4312
5346
166336
8736
55215
4081
1763
79812
4001
7869
51085
9718
1894
1776
10051
4826
29028
85458
1580
114800
9068
2167
2819
728833
2706
245973
57405
4173
2152
5648
84913
5837
6387
9314
112817
10926
55771
8836
57088
79901
287
116028
89927
256949
25960
91584
4239
30835
1871
2353
25788
8317
3149
2019
23371
79682
145781
1548
11339
83903
51512
219348
151246
171024
2099
220042
84296
6627
1363
1843
79875
54821
116535
6732
130399
9700
7512
91851
1264
10580
8908
57658
2852
91687
117248
10391
144455
90417
79801
64651
79974
79686
8854
3161
5627
254263
316
8438
3159
55723
23460
10460
124936
130271
7804
79723
79927
225
374393
55010
6713
51182
50486
10733
50937
9768
1503
117581
4860
30846
53405
7048
10365
58527
729533
5105
947
284403
84904
857
2920
80704
2878
57502
440
5984
55159
79742
63967
10252
7298
51155
80310
6289
57214
54478
1869
55638
23596
29968
152503
338328
11113
3015
285313
1805
2078
55732
80726
83699
3373
7371
2145
7140
29128
84722
22899
364
9457
8611
54102
10212
11122
51256
1111
6288
29980
64115
113791
55765
995
9654
10512
4128
83879
7538
3479
3336
2791
1308
210
284119
5733
8318
387103
157570
152273
128553
2157
7373
286827
4915
51001
1840
11013
83700
86
84790
132720
5799
124222
219654
146556
9365
84057
55656
9079
125
11096
154
9603
57082
220965
3725
5243
4035
114905
30061
5111
1879
54674
196883
9201
5241
339524
222166
2934
7010
80346
56893
79075
3624
85027
1163
7083
29088
29899
4998
23531
35
25890
100129583
6586
81928
94121
56849
114789
155038
3708
83990
10797
64805
283248
8322
3625
3070
6403
90507
57707
6328
10186
6567
10752
10628
2949
56100
6941
6812
79633
401399
6327
9510
5888
547
26586
79000
9401
9370
1471
2681
80243
51705
11169
55384
5013
3913
1346
79870
116461
8313
5153
219790
55679
10003
1066
56943
56246
57685
23551
4603
3290
2857
54908
114787
5787
91461
1901
348654
25959
119587
100130733
6453
81624
56109
196051
9754
4839
79148
256302
375057
222663
57716
8872
57569
10195
7402
2674
83692
51377
83695
9088
9671
7035
84955
79005
9478
11164
5730
133584
5140
57562
2331
9194
11248
3038
150
1889
4638
55636
8475
54892
257000
10262
23331
79026
847
11022
80308
220296
6632
3068
92312
84173
5329
1870
50943
163175
26973
5150
8434
83878
667
113802
26577
375719
6886
5939
54331
6664
55974
25927
8833
100128191
9638
11343
30815
3908
358
8270
389432
9918
10144
474344
8703
9737
219623
23590
467
8671
445815
55800
25976
10087
1842
10268
167465
57510
7079
1104
57134
5764
27000
55157
57659
9933
4283
374897
395
25992
6913
596
9141
54538
10990
9942
6517
2260
7056
2690
27101
5427
145581
4023
286097
140862
261729
7757
11346
51236
4171
1958
8646
7025
80178
283383
57110
9735
6637
89795
6038
7832
5919
6581
2906
863
81611
388931
23560
126567
8767
11335
3768
10398
90102
388
5021
93081
3487
27086
8536
8987
5692
2237
8208
1717
26576
54733
259217
22929
28998
48
56099
6282
2318
1736
57645
2217
27244
4830
353500
80731
26249
23768
10712
25841
5202
5982
79007
8645
54997
56107
5209
57124
55701
55038
3176
8864
6631
1634
55110
23582
23452
5360
388662
23177
6563
55726
3491
27085
65005
57104
6324
56111
3572
338
2308
81620
1029
2327
10395
56942
115362
2494
10381
994
79677
6373
1515
8555
10440
54893
3148
6711
9898
7203
5311
127435
160622
23657
1288
79581
92126
4796
3627
85453
115207
11145
375449
5071
687
25896
161176
55257
79017
323
3619
63976
2617
92162
10535
51602
653519
8099
83660
26271
54517
23761
3229
7008
64105
8728
5175
55003
151887
599
1589
56967
80177
1902
10940
10858
2177
51083
8614
2946
201633
6944
2246
118429
23194
85358
196740
129642
253827
5101
388753
2786
340526
79891
9582
79980
1875
858
63979
3251
154467
6635
11259
85439
51659
3043
771
26472
285367
509
128240
956
79915
55353
36
26153
8630
25886
79172
4053
4916
201229
117247
276
140707
7027
7112
57007
85444
5877
147495
51421
342897
10808
131870
3234
1944
23234
27344
4360
541468
29931
5136
3014
6844
10004
23268
79777
146956
6921
1268
116832
84570
221914
10316
90627
5831
3066
3131
1793
8613
3595
9585
157
81575
57673
5176
196047
57129
84842
5549
55901
408
64641
55273
219844
92703
6366
84262
